% Model:              result_two_Psource_soft_500hz.mph
% Version:            COMSOL 6.2.0.290
% Date:               May 6 2024, 19:41
% Dimension:          2
% Nodes:              200
% Expressions:        10
% Description:        , 
% Length unit:        m
% X                       Y                        real(acpr.p_t) (Pa) @ freq=100 imag(acpr.p_t) (Pa) @ freq=100 real(acpr.p_t) (Pa) @ freq=200 imag(acpr.p_t) (Pa) @ freq=200 real(acpr.p_t) (Pa) @ freq=300 imag(acpr.p_t) (Pa) @ freq=300 real(acpr.p_t) (Pa) @ freq=400 imag(acpr.p_t) (Pa) @ freq=400 real(acpr.p_t) (Pa) @ freq=500 imag(acpr.p_t) (Pa) @ freq=500
-0.9                      0.9                      10.556536446297113       -6.600490609949829       -15.43185035841585       -13.363302565002273      -7.0908277428745         24.044315011875586       13.111236240646178       1.0107128419151121       23.187621955004918       -16.494103838775036
-0.863265306122449        0.9                      10.442486081512309       -6.601185444304521       -15.22411608590545       -13.1099464550331        -7.769098061929157       24.50607143116035        15.580614279746808       -1.0490691555199705      19.595540785688783       -13.542817650072053
-0.826530612244898        0.9                      10.305660719446657       -6.623299293246659       -15.081951886498198      -12.717123667285195      -8.270109675546804       24.78334690041869        18.277320201090834       -2.8038700165147215      14.898166280675742       -11.428245527361728
-0.789795918367347        0.9                      10.14776939567294        -6.665494617161406       -15.008832040449006      -12.189643094810073      -8.545585644904907       24.869965783575964       21.02577832417268        -4.23302395943329        9.365686326598576        -10.262429997857922
-0.753061224489796        0.9                      9.970679129616947        -6.726138549317293       -15.006381432887546      -11.533719632210238      -8.550613340389692       24.765195593178884       23.643475272039492       -5.348381863366998       3.310274442779552        -10.063224268751402
-0.7163265306122449       0.9                      9.776407637202453        -6.8033560651384954      -15.074399923734447      -10.757191771137927      -8.246492513058891       24.473425809330514       25.949498996513547       -6.189532992050619       -2.9303009273196636      -10.749398770377809
-0.6795918367346938       0.9                      9.567116731786665        -6.895067826609932       -15.210885121521518      -9.86949077803289        -7.602652894818581       24.003631797801795       27.773679385484993       -6.819582652524153       -9.016673867469326       -12.144056653168182
-0.6428571428571428       0.9                      9.345102048847677        -6.999037352565235       -15.412121263897108      -8.88165345326748        -6.5985259381073496      23.36878463778103        28.964983916743044       -7.318643288922353       -14.628919169706679      -13.986979988476142
-0.6061224489795918       0.9                      9.112780629803817        -7.112916729331692       -15.67280014109405       -7.8062793173484355      -5.2250035971285405      22.585173704801516       29.399079948315748       -7.7764432722863         -19.48588102170629       -15.954820650045367
-0.5693877551020408       0.9                      8.872676064670452        -7.234291407278042       -15.986176985113861      -6.65745401358951        -3.4854920769027626      21.671706805347302       28.9846724608273         -8.284343035619516       -23.360694095962334      -17.687743804090303
-0.5326530612244897       0.9                      8.627400972881606        -7.360722911456766       -16.344257591698085      -5.450633262308912       -1.3964994277707385      20.64923130278701        27.668394012560928       -8.927362004395881       -26.09173504528663       -18.82049927648656
-0.4959183673469388       0.9                      8.37963681849274         -7.489788601058015       -16.7380116244416        -4.202484075585159       1.0122858595937085       19.539901286660633       25.438038554544086       -9.776783933067012       -27.588604542714286      -19.01543939317204
-0.4591836734693877       0.9                      8.132111110525043        -7.6191180472700495      -17.15760746179263       -2.930684837840981       3.6984404989149025       18.366616425496204       22.32399543224041        -10.88386905408191       -27.83312818900254       -17.994691202867028
-0.4224489795918367       0.9                      7.887572233041954        -7.746425678215399       -17.592662490043224      -1.6536872750285474      6.607769538660543        17.15254474263094        18.398808435417386       -12.275120007975218      -26.875795561417046      -15.568647974858742
-0.3857142857142857       0.9                      7.648762333285835        -7.869539467013008       -18.0325021230318        -0.39044514414965265     9.675758573131759        15.9207316708918         13.7748535534929         -13.94943850434585       -24.828379797495522      -11.658140521871795
-0.34897959183673466      0.9                      7.418388862277746        -7.986425538229927       -18.46642045006855       0.8398839185025618       12.82946562430796        14.693789107890964       8.600201270709153        -15.877374521589461      -21.85369148031431       -6.308087116127211
-0.31224489795918364      0.9                      7.19909548507697         -8.095208640212123       -18.883935319753274      2.0182557264261254       15.98978438383983        13.49365147570331        3.052803532663278        -18.002520729675158      -18.153513932193935      0.3089252124840796
-0.2755102040816326       0.9                      6.9934331253120074       -8.19418849346553        -19.275030905953667      3.126067654250221        19.07399478201341        12.341381172946202       -2.66678137464117        -20.244951788086823      -13.955742397828752      7.89985330767731
-0.2387755102040816       0.9                      6.8038318365470065       -8.281852106426943       -19.63038146263475       4.145488922995547        21.99850482499729        11.257003923707222       -8.343842381445068       -22.506461991687793      -9.501623580951023       16.069003648951377
-0.2020408163265306       0.9                      6.6325739979252          -8.356882243981454       -19.941550990137088      5.0597847563046425       24.681679904793565       10.259355438022306       -13.758799100966424      -24.67722711773477       -5.033797780782183       24.3452814345321
-0.16530612244897958      0.9                      6.4817690227833955       -8.418162350807036       -20.20116487682293       5.853626929534231        27.046652814147848       9.365923970123387        -18.696912540339042      -26.64341583193634       -0.7856149291289005      32.21684849401614
-0.12857142857142856      0.9                      6.35332939718504         -8.464778365295285       -20.403051141171478      6.513384398101027        29.024009287660476       8.592678371265892        -22.957981140196054      -28.29520975093388       3.0280357330373637       39.170422152881606
-0.09183673469387754      0.9                      6.248947517045441        -8.496017997926613       -20.542350528817224      7.0273889766389654       30.55424962852301        7.95387725793505         -26.365560476286273      -29.534663390452152      6.218342906345301        44.731942086109015
-0.055102040816326525     0.9                      6.170072578636928        -8.511368171480246       -20.615596238644088      7.3861721531420965       31.589936127143478       7.461861047875036        -28.77524863828596       -30.282846810422203      8.628743462098504        48.505113547715375
-0.018367346938775397     0.9                      6.11788679813887         -8.51051141381398        -20.620765308118784      7.58266981513233         32.09744773864939        7.126833977755234        -30.08160903816335       -30.485763092269863      10.139828984078651       50.20443515277323
0.01836734693877562       0.9                      6.093280557765695        -8.493322034685164       -20.557304510939794      7.6123917867693764       32.05827713503631        6.956646924912128        -30.223359357881126      -30.11861570634064       10.673179108160149       49.67973975579472
0.055102040816326636      0.9                      6.096826725619399        -8.459862868808994       -20.42613384043725       7.47355242348862         31.4698197073444         6.956593720537236        -29.18653687260297       -29.188111421939023      10.194255761167591       46.92998604951234
0.09183673469387765       0.9                      6.128755199360642        -8.41038326189075        -20.229630431986656      7.1671577299423594       30.345620414961918       7.129233239275988        -27.00545414321955       -27.732616877769235      8.71438834256333         42.104976177481205
0.12857142857142867       0.9                      6.188929681151761        -8.345318698900817       -19.97159452304699       6.69704328128163         28.715060083473695       7.474245708328545        -23.761379130630655      -25.820125748220484      6.291765980313169        35.49474431028472
0.1653061224489797        0.9                      6.276829348085275        -8.265292161926503       -19.657197816993005      6.069856740022345        26.62248116434005        7.988328492321696        -19.578997620872908      -23.544144241900952      3.0312218382222014       27.507472957589638
0.2020408163265307        0.9                      6.391538404929413        -8.171116885021453       -19.292912842606665      5.294979106474071        24.125771853825317       8.665131401562792        -14.620838814263257      -21.017743204330564      -0.9174960108786079      18.63782272996021
0.23877551020408172       0.9                      6.531746240559586        -8.063799764431575       -18.886420453916724      4.384380523460541        21.294448196991695       9.495227983027421        -9.07995387871893        -18.366155432226755      -5.363321313554696       9.428413295247005
0.27551020408163274       0.9                      6.6957600657778995       -7.944544346670491       -18.446491792700566      3.3524094936583895       18.207295611254633       10.466117825912857       -3.1712251571737897      -15.718406353882788      -10.079671117042299      0.4277829651678838
0.31224489795918375       0.9                      6.881530642580444        -7.814752114767134       -17.98284110645395       2.215518344431569        14.949652508133203       11.562256480525525       2.8782566087433907       -13.198546177462314      -14.8126985952168        -7.851576286668609
0.34897959183673477       0.9                      7.086690230822502        -7.676020797288084       -17.50594707760236       0.9919322723221857       11.610438354104764       12.765114482569277       8.839280303345953        -10.917096570777977      -19.292080938390438      -14.97157856977771
0.3857142857142858        0.9                      7.308600504810539        -7.530138623667213       -17.026842584863996      -0.2987264700754809      8.279044580710217        14.053274018301721       14.490599016019273       -8.963328608866899       -23.244194207471622      -20.60015294602822
0.4224489795918368        0.9                      7.544407233721157        -7.379073767812369       -16.55687555945205       -1.6358445598433196      5.04221678711841         15.402579167283365       19.628564009278815       -7.3989469508022765      -26.4072450865535        -24.533610147880506
0.4591836734693878        0.9                      7.791098111799722        -7.2249585862990084      -16.107446323531704      -2.998237443692093       1.9810595149396726       16.786361504698604       24.075899934895215       -6.253668898592234       -28.547627654161833      -26.708127095274442
0.49591836734693884       0.9                      8.045560262977965        -7.070068594476415       -15.689729064153454      -4.364566643686735       -0.8317097210664215      18.175765524146332       27.68926315969412        -5.5230614859046945      -29.476488219560924      -27.19966863354753
0.5326530612244899        0.9                      8.304634503745337        -6.916796389884672       -15.314386623796718      -5.713739372622882       -3.3341418465736274      19.54019674047129        30.36528085432228        -5.168843724657437       -29.06525329988891       -26.21264452045522
0.5693877551020409        0.9                      8.56516426680004         -6.767620886115978       -14.991288263206458      -7.02527766581709        -5.476976165059936       20.84790865466568        32.04482863915078        -5.1216816191339545      -27.258741127437144      -24.058523923278265
0.6061224489795919        0.9                      8.824037962340004        -6.625072320208014       -14.729240145207259      -8.279646873100107       -7.225021958715856       22.066737070832517       32.715369145131724       -5.286336146900547       -24.084499536738292      -21.126388894247047
0.6428571428571429        0.9                      9.078224302209703        -6.491693548794554       -14.535736725843782      -9.458537864138119       -8.557959357528835       23.164974592974975       32.41124337798996        -5.54881579446571        -19.657099767830292      -17.848054860455804
0.6795918367346939        0.9                      9.324800862625391        -6.369998209581978       -14.416741324587667      -10.545099110330318      -9.470529864604389       24.112368579423197       31.21185617797398        -5.785085748434861       -14.17646028479192       -14.660650342134625
0.7163265306122449        0.9                      9.560976523103202        -6.262426006959565       -14.376498631612042      -11.524111350269292      -9.972111865576542       24.881187297555975       29.237807845803218       -5.870732500875334       -7.919907180692473       -11.969837729919695
0.753061224489796         0.9                      9.784108325815273        -6.171296829107416       -14.417390703908376      -12.382122779679667      -10.085747082180976      25.447357990416297       26.64509455527267        -5.690898592860552       -1.2276181657434315      -10.116526146115582
0.789795918367347         0.9                      9.991714452080263        -6.098763421865505       -14.539834057994916      -13.107526767098593      -9.846598112124829       25.791561891998047       23.61750145327329        -5.14985978709437        5.517473597159338        -9.349777567570024
0.826530612244898         0.9                      10.181480789916527       -6.046762364140464       -14.742187549943647      -13.690548290880843      -9.29997526896427        25.900187846938934       20.358079494577503       -4.179828037178328       11.912266428360866       -9.80775434517185
0.8632653061224492        0.9                      10.351270806177851       -6.016982677454178       -15.020830383863885      -14.123482526078044      -8.499397303396046       25.76640461242226        17.077489901988255       -2.745920188222697       17.568868592892617       -11.50859104245079
0.9                       0.9                      10.499127855607664       -6.010798186230058       -15.370076518345998      -14.400229984464438      -7.502976345407876       25.39059280477805        13.985732187993394       -0.8546075194319788      22.127809494955898       -14.351594166869678
0.9                       0.9                      10.499127855607664       -6.010798186230058       -15.370076518345998      -14.400229984464438      -7.502976345407876       25.39059280477805        13.985732187993394       -0.8546075194319788      22.127809494955898       -14.351594166869678
0.9                       0.863265306122449        11.153692393169852       -5.290064674962302       -13.954808333537883      -16.870111624985874      -11.634131925528484      23.923980106252447       12.212306483269304       3.5301921814848134       28.191944580071652       -8.229139521531954
0.9                       0.826530612244898        11.782874185978674       -4.517918574295557       -12.20983120494001       -19.19657221631857       -15.43872784277319       21.697558022289517       9.180788827056388        7.183583477460669        32.30395509210367        0.03275141198811152
0.9                       0.789795918367347        12.385216828934256       -3.694770734205654       -10.151503542453044      -21.337604509790584      -18.76872595896417       18.778070359469403       5.12222990811025         9.768975138670214        33.76663517597312        9.7633141865305
0.9                       0.753061224489796        12.959483098823412       -2.820917122992524       -7.801240013760788       -23.253204611347186      -21.48895356962084       15.260763327790785       0.3527382707240634       11.016413423742737       32.1191142820618         20.077358540521328
0.9                       0.7163265306122449       13.504647727268605       -1.896505796638479       -5.185210644141851       -24.905889154421608      -23.48261205173727       11.266823530892701       -4.744644564785398       10.743701347786168       27.199464827666535       29.958122761009403
0.9                       0.6795918367346938       14.019910183909303       -0.9214685447302517      -2.333938765305902       -26.26121049303397       -24.65594799878664       6.939753489202328        -9.743854367332471       8.872017091250349        19.178288593392423       38.35830039037349
0.9                       0.6428571428571428       14.504696542376408       0.10455208509994039      0.7181796529443345       -27.288164077611516      -24.94223746079708       2.4408543620730616       -14.203104113009164      5.435230632078583        8.55868590472274         44.30841889235059
0.9                       0.6061224489795918       14.95865977486012        1.1822947342250765       3.9334142637246656       -27.95950341597329       -24.30478344386291       -2.055947217999014       -17.693949946144272      0.5819785100132544       -3.858596897579581       47.021365864096445
0.9                       0.5693877551020408       15.381674148795385       2.312989577360597        7.271287854154649        -28.25193340896165       -22.73883369786498       -6.369762621954647       -19.830313950638764      -5.429727582455643       -17.04200654365637       45.98230098527889
0.9                       0.5326530612244897       15.773824509416192       3.4984953735968354       10.689205734607068       -28.14617063535999       -20.2723310453072        -10.318658669159213      -20.295477808846464      -12.245191328298104      -29.822329766783128      41.01423273398749
0.9                       0.4959183673469388       16.13538961697227        4.741470461920616        14.143111828321192       -27.626849040038653      -16.96544560557513       -13.725578665654181      -18.865237956927352      -19.4323180421572        -41.003237106780745      32.31183814555519
0.9                       0.4591836734693877       16.466819359901923       6.045587419401665        17.588159020367623       -26.682252760434846      -12.908894538044516      -16.424018603456165      -15.425633316959047      -26.506354060712585      -49.47845059474521       20.43926319831316
0.9                       0.4224489795918367       16.768706207977345       7.415803907800082        20.979381013208936       -25.30385594242205       -8.221099311748338       -18.263208207942863      -9.983970540131399       -32.958549366049134      -54.34380943806966       6.291201265715005
0.9                       0.3857142857142857       17.041751740367584       8.858702875266415        24.272353651815152       -23.48565428581652       -3.044280407795329       -19.112572752888408      -2.672305735683298       -38.28693555475635       -54.99277822475469       -8.979729874013573
0.9                       0.34897959183673466      17.28672973898137        10.382910888847046       27.423835025455347       -21.22328943996315       2.460368043122897        -18.865305717359085      6.256970292065491        -42.0272889975575        -51.18538595474309       -24.062888626584503
0.9                       0.31224489795918364      17.504447892746295       11.999582380168055       30.392375491360383       -18.51301937109867       8.118243247957963        -17.441003780682877      16.443278967526567       -43.78244189514409       -43.08307523469038       -37.607700282263195
0.9                       0.2755102040816326       17.695710523115707       13.722868082732756       33.13889066674422        -15.350740612506806      13.747427257354968       -14.787605383104848      27.43705297226914        -43.2485650518089        -31.245246424792462      -48.349416373166605
0.9                       0.2387755102040816       17.861284816667787       15.570078953163646       35.62719243711741        -11.731702186137877      19.165077017040133       -10.883606272803203      38.72483577738582        -40.2382503377695        -16.5870690572912        -55.23253045030383
0.9                       0.2020408163265306       18.00187274653077        17.56065482522445        37.8244744573374         -7.652784657592383       24.19386898729142        -5.7434833370044265      49.75873379031958        -34.70321513703749       -0.3020185764938955      -57.52571375894116
0.9                       0.16530612244897958      18.118090150738038       19.711303029127166       39.70174943658959        -3.122745722796045       28.668257375465586       0.5653196585825475       59.988381926876016       -26.767189314762845      16.243818245310543       -54.93303729352059
0.9                       0.12857142857142856      18.210453379805276       22.019709250139073       41.23423565167594        1.8042143752930098       32.44031176088676        7.870476204332935        68.89340491370352        -16.80001872269482       31.635686460514915       -47.73380175324185
0.9                       0.09183673469387754      18.279373095241557       24.41659552917543        42.4016890918863         6.93111880326311         35.38492970731067        15.747334964762437       76.01434629337864        -5.613214162308694       44.54047300799646        -37.045765331732305
0.9                       0.055102040816326525     18.32515331235566        26.648889017135883       43.18867761204791        11.68377846204579        37.40423658617516        23.168910378936864       80.98010382551064        5.086124884298425        53.830718253779764       -25.371162837895262
0.9                       0.018367346938775397     18.34799372496322        28.12441244189645        43.58479218793564        14.805549039373505       38.43101120027199        28.0665691379463         83.53013974614551        12.15976037327474        58.69011831939604        -17.163319498880163
0.9                       -0.01836734693877562     18.347992991459396       28.123276309139612       43.584791901230695       14.80325609484           38.43102861768428        28.063049110266235       83.53012233375179        12.154929482720613       58.69020288324069        -17.16953869622934
0.9                       -0.055102040816326636    18.325152297870876       26.647900518230422       43.188677891374574       11.681787396788485       37.40426754106627        23.16581087384631        80.98007849647027        5.081881125660064        53.83092663415623        -25.37674510403914
0.9                       -0.09183673469387765     18.27937131014922        24.41587635595479        42.40168968930244        6.9296793875416745       35.384973778714226       15.74504112428096        76.01428432025662        -5.616330438239023       44.54077724989733        -37.04995202811528
0.9                       -0.12857142857142867     18.21045086091675        22.019397574644913       41.23423669256331        1.803613408094156        32.4403690262105         7.869449023343112        68.8933131751388         -16.80133519114956       31.63609751974817        -47.73564455602933
0.9                       -0.1653061224489797      18.118086982335466       19.711220797862257       39.70175124603852        -3.1228668065628007      28.66832620954879        0.5650189172940051       59.98826994697468        -26.767429763240898      16.244344118619402       -54.933459873306454
0.9                       -0.2020408163265307      18.001869072850752       17.560655466878956       37.82447729868778        -7.65272502215386        24.193947587621967       -5.7435169682386595      49.758612761228235       -34.70301737235865       -0.30137446165617177     -57.525572950233794
0.9                       -0.23877551020408172     17.861280715922216       15.570104535824962       35.627196865923786       -11.73158174878071       19.165162418413924       -10.883560063321875      38.72471578997171        -40.237877338054744      -16.5863075847296        -55.23221567863433
0.9                       -0.27551020408163274     17.69570606135449        13.72289806709364        33.138897208555726       -15.350602957086702      13.747517574517255       -14.78754721231277       27.43694590369079        -43.24811806652323       -31.244370863966513      -48.349098136722326
0.9                       -0.31224489795918375     17.504443157372084       11.999609137651333       30.392384601191193       -18.512881897234458      8.118335707275364        -17.440960786613388      16.443194972615842       -43.78196759317508       -43.08210506674552       -37.607476668865715
0.9                       -0.34897959183673477     17.28672479671236        10.382932549037337       27.423847169638858       -21.223157495209215      2.4604597932060788       -18.865285421581763      6.256918759874299        -42.02680686911122       -51.184349693744295      -24.062813993921488
0.9                       -0.3857142857142858      17.041746650973          8.858719442138161        24.272369240832752       -23.48552923130087       -3.0441920953371793      -19.112575665473678      -2.672316829645225       -38.28645700163926       -54.991713895307825      -8.979836397589382
0.9                       -0.4224489795918368      16.768701018971605       7.415815974898846        20.979400407516113       -25.30373780748479       -8.221016990561294       -18.26323220868076       -9.98393511775064        -32.95808352429558       -54.3427625944958        6.29089763735343
0.9                       -0.4591836734693878      16.466814104219676       6.045595695169113        17.5881825164731         -26.68214123959481       -12.908820473694824      -16.42406063447269       -15.425547725787386      -26.505910054633233      -49.47747138652134       20.438761798613854
0.9                       -0.49591836734693884     16.13538431176802        4.74147559220181         14.143139620835798       -27.626743877749455      -16.96538177697911       -13.725635435043458      -18.865101666819733      -19.431905479690307      -41.00237634618392       32.31115434691502
0.9                       -0.5326530612244899      15.773819154933529       3.4984979249485724       10.689237938373754       -28.146071658003372      -20.2722790175142        -10.318726778964919      -20.29529325340991       -12.244819780169257      -29.821633823993178      41.013397097421596
0.9                       -0.5693877551020409      15.381668726631377       2.3129899802130294       7.271324492486977        -28.251840641583406      -22.7387949232811        -6.3698390839910575      -19.83008694158005       -5.429405989693756       -17.04151452887498       45.98135784367455
0.9                       -0.6061224489795919      14.958654251365491       1.1822933199317767       3.933455112647609        -27.959416929391555      -24.304758873221832      -2.056028749888303       -17.693689086244934      0.582242932876867        -3.8583311206203184      47.020370679168714
0.9                       -0.6428571428571429      14.50469088104388        0.10454915463746169      0.7182242905155984       -27.28808388374589       -24.942226781241537      2.4407717384492766       -14.20281924744709       5.435432076277775        8.558723782150583        44.307427883782815
0.9                       -0.6795918367346939      14.019904388909119       -0.9214725986198391      -2.333890604001885       -26.261136524114033      -24.655949429046583      6.939674238645155        -9.743553558895965       8.872150108049778        19.178108096247236       38.357360963414756
0.9                       -0.7163265306122449      13.50464188975564        -1.8965105250708385      -5.185157953731296       -24.905822696828576      -23.482627324781262      11.266747381798439       -4.744344072498243       10.743763579497948       27.19906481887912        29.95731111770105
0.9                       -0.753061224489796       12.959475965625634       -2.820924391635057       -7.801187323634281       -23.25314293376346       -21.488993271754712      15.260694354934326       0.3530320857563312       11.016446063118993       32.11864850311055        20.07668508470603
0.9                       -0.789795918367347       12.38520833353391        -3.694779889538199       -10.151457879280517      -21.337538578651575      -18.768744134650735      18.778042322029282       5.1225767338288435       9.7689116800612          33.76608753138656        9.762524593141322
0.9                       -0.826530612244898       11.782868262130378       -4.5179248611912035      -12.209777192360896      -19.196528447950385      -15.438735654500151      21.69751971440766        9.180919595353323        7.183467790847512        32.303481728744025       0.032356026864843644
0.9                       -0.8632653061224492      11.153684667155309       -5.290073160501929       -13.954750909345883      -16.87007432373152       -11.634177426800537      23.923940063442974       12.212380677696235       3.530088321549789        28.191570580474693       -8.229248592143447
0.9                       -0.9                     10.499120663765941       -6.01080294175889        -15.369991102279513      -14.400194730732565      -7.503055598641673       25.39053287055774        13.985856613619527       -0.8548823201449495      22.126999527157714       -14.351089498921283
0.9                       -0.9                     10.499120663765941       -6.01080294175889        -15.369991102279513      -14.400194730732565      -7.503055598641673       25.39053287055774        13.985856613619527       -0.8548823201449495      22.126999527157714       -14.351089498921283
0.8632653061224492        -0.9                     10.351266326229709       -6.0169866527862155      -15.020747650307623      -14.123457010590844      -8.499497588583603       25.766331780169434       17.077643925730417       -2.74610759831952        17.567980725914644       -11.50811180097701
0.826530612244898         -0.9                     10.181476416211542       -6.046769227491333       -14.742117212234154      -13.69053780371874       -9.300121750787914       25.90012620431848        20.358165250049513       -4.179815064264585       11.911999884129392       -9.807400913475933
0.789795918367347         -0.9                     9.991709508625682        -6.0987705732192845      -14.539761438879868      -13.107477136266835      -9.846667098270766       25.791472486267743       23.617764059999296       -5.150067006485035       5.516212049820598        -9.349598722406157
0.753061224489796         -0.9                     9.784104093598812        -6.171305797265625       -14.417329037768251      -12.382079972166736      -10.0858155286288        25.447276922447443       26.645248635627475       -5.6910148774006695      -1.2283872081161835      -10.116423240757099
0.7163265306122449        -0.9                     9.560972552550613        -6.2624367973601425      -14.376444267869273      -11.524073268448612      -9.972198408341077       24.881112593083213       29.237929522123135       -5.870773060496453       -7.920348914109128       -11.969735584020162
0.6795918367346939        -0.9                     9.32479734598588         -6.370010333078134       -14.416692499336735      -10.545061460193455      -9.470623450069596       24.112295897117175       31.211977140528024       -5.785093667903897       -14.176782411126208      -14.660537082898008
0.6428571428571429        -0.9                     9.078221375987319        -6.491706823066078       -14.535693446069775      -9.45850083041526        -8.558058622620397       23.164906735539443       32.41137931961005        -5.548802536065384       -19.657364865599646      -17.847936461931337
0.6061224489795919        -0.9                     8.82403576303276         -6.625086531278423       -14.729201650592003      -8.279609685798734       -7.225124553803785       22.0666709634878         32.71552813402844        -5.286303394885283       -24.084773732725054      -21.12628986483698
0.5693877551020409        -0.9                     8.56516287433819         -6.767635934031666       -14.99125439677228       -7.025240903134992       -5.477082808189178       20.847845165558038       32.04501588294962        -5.121627040053857       -27.259041059796694      -24.05846540369561
0.5326530612244899        -0.9                     8.304633956216932        -6.916812203387585       -15.314357279600749      -5.713703534079671       -3.3342534420303043      19.54013689808792        30.365502162484663       -5.168763857442985       -29.06559138990525       -26.212655928075787
0.49591836734693884       -0.9                     8.045560587977281        -7.070085105274587       -15.689704188028207      -4.364531846588541       -0.831825311667021       18.175710025232032       27.68952087248159        -5.522957200519462       -29.47687881485795       -27.19977385664313
0.4591836734693878        -0.9                     7.7910993219119105       -7.224975724236052       -16.107425791306788      -2.998203734420022       1.9809411070058873       16.786310531028562       24.076193564777387       -6.253540648964776       -28.548076824888682      -26.70834733025639
0.4224489795918368        -0.9                     7.54440932437441         -7.3790914594051085      -16.556859200742583      -1.6358119453232005      5.042096959425486        15.402532798980772       19.62889096422271        -7.398796481024252       -26.407753446538763      -24.533958813740085
0.3857142857142858        -0.9                     7.308603452560166        -7.5301567904858535      -17.02683016633244       -0.2986949005401177      8.2789249334299          14.053232068976934       14.490954402641906       -8.96315860005207        -23.24475671827229       -20.60063451412824
0.34897959183673477       -0.9                     7.086693989956325        -7.676039358619356       -17.505938313161707      0.9919629225489511       11.610320726211365       12.765076445072097       8.839656760114085        -10.91691060608023       -19.2926868844574        -14.97218695757765
0.31224489795918375       -0.9                     6.881535142597788        -7.81477099061239        -17.982835673506663      2.215548275242948        14.949538938729532       11.562221561424346       2.8786444882120596       -13.198348630056516      -14.813331861570799      -7.8522942977746935
0.27551020408163274       -0.9                     6.695765208248116        -7.944563461853219       -18.446489356792558      3.352438982767501        18.207188316142105       10.466085012186436       -3.170837418987286       -15.718202259365503      -10.080310876708928      0.4269830558283493
0.23877551020408172       -0.9                     6.531751901193647        -8.063819049511368       -18.886420677455362      4.384409917095728        21.294349496667948       9.495196107600256        -9.079579148033057       -18.365950312725563      -5.363943479407056       9.427567998379786
0.2020408163265307        -0.9                     6.391544445784265        -8.171136271545803       -19.292915361040748      5.295008778316865        24.12568398467959        8.665099165678487        -14.620490447947462      -21.01754266129562       -0.9180751010691883      18.636974388904058
0.1653061224489797        -0.9                     6.276835633813678        -8.265311576675863       -19.657202209706316      6.069887036725043        26.622406063626308       7.988294476622853        -19.578688684635935      -23.543953448896083      3.0307110863497413       27.506666289544764
0.12857142857142867       -0.9                     6.188936085451037        -8.34533806506478        -19.971600323838707      6.697074504196918        28.71499931726198        7.474208437569018        -23.76112175891196       -25.819949190581198      6.291347150936734        35.494023175436126
0.09183673469387765       -0.9                     6.128761598079555        -8.410402507714604       -20.22963718329087       7.167190159253636        30.345575244257653       7.129191338410742        -27.00525882281975       -27.7324584163805        8.714081360466857        42.104380315230486
0.055102040816326636      -0.9                     6.096832991646903        -8.459881934128308       -20.426141138070676      7.473586329086157        31.46979110538029        6.956546076796646        -29.186411642109622      -29.187974303676384      10.194074908337388       46.929547614000626
0.01836734693877562       -0.9                     6.093286562791817        -8.493340872932864       -20.557312020732034      7.61242742125741         32.05826575377992        6.956592764333546        -30.22330926670118       -30.11850241211177       10.673131906350228       49.67948046964254
-0.018367346938775397     -0.9                     6.1178924204442255       -8.5105299899908         -20.62077275529677       7.582707392390649        32.09745383499196        7.12677285196133         -30.081635925355016      -30.485675065528397      10.139916001054715       50.204364539200974
-0.055102040816326525     -0.9                     6.17007771620371         -8.511386456074622       -20.615603366384693      7.386211816046895        31.589959425401116       7.461792693445314        -28.775351247530306      -30.28278387880149       8.62895942803127         48.50522796095471
-0.09183673469387754      -0.9                     6.248952086188488        -8.496035967822229       -20.54235711434399       7.027430788176556        30.554289355726162       7.953801725863715        -26.365734300371287      -29.534624236412895      6.218675749361077        44.73222570220165
-0.12857142857142856      -0.9                     6.353333335651108        -8.4647960012491         -20.403056990034106      6.513428315342967        29.024064130664442       8.592596080417842        -22.958218448142397      -28.295192076759513      3.028466799323731        39.17084831933245
-0.16530612244897958      -0.9                     6.4817722874598855       -8.418179638057136       -20.201169823479546      5.853672815488205        27.046720964562063       9.365835660110918        -18.69720279342082       -26.64341641950624       -0.7851096160362052      32.21738172060174
-0.2020408163265306       -0.9                     6.632576561309423        -8.356899173503216       -19.941554902139806      5.059832398291964        24.68175914268128        10.259262116155176       -13.759129545569095      -24.677242002169947      -5.033245964378453       24.345880244497664
-0.2387755102040816       -0.9                     6.803833683061292        -8.28186867582085        -19.630384246314776      4.14553804885092         21.998592627419573       11.256906830854922       -8.344198742146618       -22.506486800166304      -9.501055192757942       16.069624135205274
-0.2755102040816326       -0.9                     6.993434248895124        -8.194204706510464       -19.275032507811282      3.1261179380712236       19.07408841525643        12.341281764762357       -2.667148551264288       -20.24498211856247       -13.95518793938385       7.900452768613833
-0.31224489795918364      -0.9                     7.19909588838416         -8.09522450506734        -18.8839357200003        2.018306789280862        15.989880981360221       13.493551381598069       3.0524407219719714       -18.002552464562683      -18.15300268297987       0.3094655132905506
-0.34897959183673466      -0.9                     7.418388555995917        -7.986441065849357       -18.466419654644493      0.839935335382748        12.82956228086883        14.69369005949179        8.599857287991929        -15.87740408078295       -21.853249632131195      -6.307636666833773
-0.3857142857142857       -0.9                     7.648761335011602        -7.869554670367484       -18.03250015890225       -0.3903938331898537      9.675852447608328        15.920635429181907       13.774541398246571       -13.949463049398952      -24.828028777520384      -11.657801103095471
-0.4224489795918367       -0.9                     7.887570566155367        -7.746440571634237       -17.592659401562376      -1.6536365568763272      6.607857934856976        17.152453045579023       18.398539094733618       -12.27513758106532       -26.87555079796859       -15.568430258655075
-0.4591836734693877       -0.9                     8.132108802934583        -7.619132645704784       -17.157603305974167      -2.9306352276449115      3.6985208918551753       18.36653097878872        22.323777624690166       -10.88387866079259       -27.832998454363697      -17.994595394959322
-0.4959183673469388       -0.9                     8.379633900186779        -7.489802921345415       -16.73800647327908       -4.202436113658153       1.0123559276489662       19.539823751308365       25.437878471211402       -9.776785503798893       -27.588591112682685      -19.015455983439836
-0.5326530612244897       -0.9                     8.6273974748273          -7.360736973049894       -16.344251541596705      -5.450587502001038       -1.396441663783629       20.649163277308666       27.668294850903653       -8.927356537742611       -26.091831111620568      -18.82060980757064
-0.5693877551020408       -0.9                     8.872672016777349        -7.234305234115708       -15.986170184851755      -6.657410965137696       -3.485447898257067       21.671649803799642       28.98463387019281        -8.284333120084877       -23.360885358581175      -17.687922130610755
-0.6061224489795918       -0.9                     9.112776061181101        -7.1129303484364135      -15.672792793557738      -7.8062393935648515      -5.2249733591786205      22.58512904395084        29.399097931275847       -7.776432916810938       -19.486146756558707      -15.955036819047656
-0.6428571428571428       -0.9                     9.345096991919268        -6.999050780609733       -15.412113537458051      -8.881616762616543       -6.5985086646023         23.368752696288507       28.965051068057456       -7.318637037744369       -14.629237410363356      -13.987207000824936
-0.6795918367346938       -0.9                     9.56711122354347         -6.895081047527221       -15.210876946907055      -9.869457254701203       -7.602647712657123       24.003611631697535       27.773788636781138       -6.819582218156747       -9.017027372497326       -12.14427758022811
-0.7163265306122449       -0.9                     9.776401677397676        -6.8033690819158394      -15.074391080784746      -10.7571616719586        -8.246501389325623       24.4734165274833         25.94964871939819        -6.189535448316951       -2.9306752254250417      -10.749600823823968
-0.753061224489796        -0.9                     9.970672645328436        -6.726152100246795       -15.006375502495343      -11.533702661822037      -8.550658799361516       24.765213697640924       23.64363091066351        -5.348328460910521       3.310201195377811        -10.063395906271094
-0.789795918367347        -0.9                     10.147762666256355       -6.665508189939175       -15.008827712403752      -12.189632875329709      -8.545639239495966       24.869996196824317       21.025899401522928       -4.232948809021785       9.365817426159687        -10.262585979874874
-0.826530612244898        -0.9                     10.305652788770963       -6.623312317091657       -15.081948268126084      -12.717088817355073      -8.270087816571984       24.78338577575714        18.277543680115908       -2.8040285005901677      14.897665943002782       -11.42849201100834
-0.863265306122449        -0.9                     10.442477124389688       -6.601200301158164       -15.224121189448256      -13.109926442765195      -7.769110690948451       24.506141005406114       15.58079419646251        -1.0491174266506915      19.595526649399144       -13.5431474296906
-0.9                      -0.9                     10.556529290118192       -6.600504041975387       -15.431859214383929      -13.363301949117162      -7.090867845434027       24.0444011674491         13.111427763231681       1.0107220964012902       23.187688571120162       -16.49434397247272
-0.9                      -0.9                     10.556529290118192       -6.600504041975387       -15.431859214383929      -13.363301949117162      -7.090867845434027       24.0444011674491         13.111427763231681       1.0107220964012902       23.187688571120162       -16.49434397247272
-0.9                      -0.8632653061224492      11.234239782217102       -5.897162257443733       -14.077710253297344      -15.792907946634035      -11.15269659971094       22.579386564028244       11.264223544236177       5.236202733153914        29.280529136721107       -9.933153517155423
-0.9                      -0.826530612244898       11.886745190461822       -5.141924187357073       -12.395143299071039      -18.07989024483799       -14.8946771208222        20.34488703009116        8.206852903037364        8.771381889708765        33.26381833590068        -1.3465462884789412
-0.9                      -0.789795918367347       12.51240502583097        -4.33517422178765        -10.400224545206212      -20.181893425936718      -18.165700425515244      17.405075359844815       4.152727995818741        11.292330819456806       34.498842445223346       8.548718831993495
-0.9                      -0.753061224489796       13.1097742470005         -3.4771875113732045      -8.114081734412355       -22.058510337451168      -20.827148387271745      13.85328322481851        -0.6020568547654132      12.536408525588454       32.59366006054321        18.844310889891418
-0.9                      -0.7163265306122449      13.677601340504836       -2.568095719026975       -5.562630906638903       -23.67181784492241       -22.758447333342755      9.80957617227575         -5.695415860208017       12.32288821672941        27.457815481715905       28.524366439819598
-0.9                      -0.6795918367346939      14.21484264131196        -1.6078186358961346      -2.7761583397450442      -24.986906912815332      -23.862005446072345      5.41713997839833         -10.721506145657814      10.568719538001845       19.32798200393304        36.56565294064541
-0.9                      -0.6428571428571429      14.720669091777635       -0.5959912553163371      0.21115172478636451      -25.97231240174744       -24.067390862049606      0.8378011229454426       -15.25646361268679       7.298374650074908        8.761072681751447        42.04216710254962
-0.9                      -0.6061224489795919      15.194472524722547       0.4681277364140752       3.3617591860710663       -26.600351027751135      -23.33455056611494       -3.753188735577658       -18.886186031904817      2.6468688766982034       -3.405690431482731       44.224173582996315
-0.9                      -0.5693877551020409      15.635868968341812       1.5857674543072553       6.635362947087206        -26.847345458421767      -21.65595028760899       -8.172888936001893       -21.234316099077386      -3.1443740250062455      -16.124652746144644      42.661344012080626
-0.9                      -0.5326530612244899      16.04469884394423        2.758782854617918        9.989539303934556        -26.693718561795144      -19.05753476854619       -12.236701862601112      -21.988596118558668      -9.738721726271482       -28.23144671759517       37.241144823934846
-0.9                      -0.49591836734693884     16.421023452167802       3.989827350072855        13.380411786710704       -26.12393714096928       -15.598449585713498      -15.76444940840165       -20.923805222548467      -16.72203140983599       -38.553843686762065      28.215851060950545
-0.9                      -0.4591836734693878      16.76511700876169        5.282569936125697        16.763339152449525       -25.126283601978443      -11.369516989173482      -18.586233758562283      -17.919681612648848      -23.62582470665193       -46.025272344214756      16.19459755246402
-0.9                      -0.4224489795918368      17.077453564975688       6.64196907168537         20.0936078279937         -23.692432981089656      -6.490505159552139       -20.547824097382186      -12.972530225007908      -29.954536747121907      -49.79182466768422       2.100315203504804
-0.9                      -0.3857142857142858      17.35868825412098        8.074616334185           23.327115163639167       -21.816816005068198      -1.1062778891945855      -21.515331221797997      -6.199606179676464       -35.21515205692075       -49.30197889555241       -12.90511192078059
-0.9                      -0.34897959183673477     17.609632514171487       9.589158379087618        26.421030242381295       -19.495764366906783      4.618044064928714        -21.37898268374681       2.1641767987910967       -38.94739477022867       -44.36975766515783       -27.520969673606626
-0.9                      -0.31224489795918375     17.83122324538381        11.196784433611311       29.33441984563365        -16.726486432188         10.502738114745116       -20.05593141241831       11.777162722275348       -40.752706444630945      -35.20449200171404       -40.424181364162926
-0.9                      -0.27551020408163274     18.02448629364945        12.91169693401132        32.028828689805344       -13.506074891939168      16.35974527373822        -17.492320436512205      22.208936662417074       -40.32067070457579       -22.40354259767869       -50.391945917081095
-0.9                      -0.23877551020408172     18.190495149177426       14.751275844076682       34.46880511620703        -9.831183233916327       21.999313398286255       -13.665560909386539      32.964337734159905       -37.45270731066615       -6.907922411698481       -56.42100633532104
-0.9                      -0.2020408163265307      18.330326270193165       16.735045279049455       36.62236592340085        -5.700243765690869       27.236768278712283       -8.589744364029757       43.51204530434717        -32.085808536141364      10.075581441537249       -57.83793215001849
-0.9                      -0.1653061224489797      18.445012904953384       18.87980594343791        38.461396717165066       -1.123633724109407       31.899155257933767       -2.3325457743870968      53.31595360388982        -24.326794381701347      27.178842372398012       -54.40568185496075
-0.9                      -0.12857142857142867     18.53549968043146        21.183314120365225       39.96198654807767        3.8428076512407623       35.83149587111144        4.932940961620004        61.86733392830182        -14.528096675639137      42.993723690359154       -46.45927983983099
-0.9                      -0.09183673469387765     18.602599633092094       23.57644804917969        41.104699006868096       9.000793867220294        38.90241936098908        12.781335339606034       68.71568851604027        -3.484398084893287       56.19889054560309        -35.16466241793231
-0.9                      -0.055102040816326636    18.646958241181405       25.805889197654015       41.874780967190325       13.774279103751635       41.008943044989515       20.18366035292485        73.4963265699694         7.109753613769934        65.67996356207829        -23.064797493389655
-0.9                      -0.01836734693877562     18.669022473037085       27.279419364798528       42.262313430394855       16.90556815730438        42.08025597165786        25.07021022138583        75.95281145135175        14.125811206335653       70.63163626664954        -14.64043779159354
-0.9                      0.018367346938775397     18.669022570291904       27.279741228942335       42.26231407505483        16.906215805373837       42.0802638314411         25.071195543572607       75.95283499071321        14.127149295470362       70.63171914383828        -14.638753403490973
-0.9                      0.055102040816326525     18.646958636166264       25.805512096316672       41.874783265224835       13.773520395820332       41.0089678525239         20.182523673818892       73.4964073729089         7.108236329378318        65.68023632576089        -23.066794645940472
-0.9                      0.09183673469387754      18.60259994231569        23.575943587728812       41.104702788862134       8.999780051899672        38.90246317654009        12.779819124549517       68.71581304266059        -3.486421519481529       56.19933181218268        -35.16733422790262
-0.9                      0.12857142857142856      18.535500226105025       21.183063843812043       39.96199157977352        3.8423106437763845       35.83155921956387        4.932230218126954        61.86751291534707        -14.529009578861203      42.994323401122394       -46.46054207739829
-0.9                      0.16530612244897958      18.445013865908198       18.879712111723826       38.461402892264005       -1.1238129122283693      31.899237694855476       -2.332757515978385       53.31618664290773        -24.327030855646736      27.179570954055883       -54.40612357148904
-0.9                      0.2020408163265306       18.33032750809749        16.735032202257358       36.62237323514374        -5.700259491539284       27.23686583134418        -8.589701003727594       43.512312357021635       -32.08570893156135       10.07638251469715        -57.838010521565124
-0.9                      0.2387755102040816       18.190496647906137       14.75129380225363        34.46881342938436        -9.831137510755509       21.9994239219538         -13.66542393725723       32.96462653945589        -37.45250255603975       -6.907094661546249       -56.421029110648206
-0.9                      0.2755102040816326       18.02448805663967        12.911724439323102       32.028837871620475       -13.50601223652848       16.35986689147931        -17.492161960975714      22.209236120534747       -40.320466472639254      -22.40273042054698       -50.39204916322374
-0.9                      0.31224489795918364      17.831225276591308       11.19681335834661        29.334429722069864       -16.72642396102967       10.502868667063773       -20.05578043136111       11.777461161388803       -40.752545557233844      -35.20373559346464       -40.424408933228435
-0.9                      0.34897959183673466      17.609634820664294       9.589185870996314        26.421040600248823       -19.495708256674508      4.618181151777077        -21.378850495314584      2.1644626281651673       -38.94729247360983       -44.36909226326158       -27.52132112604497
-0.9                      0.3857142857142857       17.358690843900032       8.074641637187982        23.327125784713907       -21.81676796827365       -1.1061366677608921      -21.515221495272872      -6.199343426892433       -35.215110306902695      -49.30143107012895       -12.905564236125333
-0.9                      0.4224489795918367       17.0774564471755         6.641992199654951        20.09361849202644        -23.692393024992164      -6.490362119155521       -20.54773730172483       -12.972299510517447      -29.954551045880397      -49.79141122894895       2.09979582001281
-0.9                      0.4591836734693877       16.765120194072228       5.282591133773959        16.763349618920945       -25.12625117831542       -11.369374394871995      -18.58616907739156       -17.919490418669294      -23.62588731716171       -46.02500033606643       16.19404938439227
-0.9                      0.4959183673469388       16.42102694932732        3.9898468906918967       13.380421777136302       -26.12391157703194       -15.598309616714277      -15.764405484636205      -20.92365966219318       -16.7221328364359        -38.55370998489947       28.215313238817657
-0.9                      0.5326530612244897       16.044702656814597       2.7588009738636887       9.989548485009802        -26.693699190068518      -19.05739950667077       -12.236677019831461      -21.98850079800325       -9.738851160467282       -28.231437218647088      37.24065423489442
-0.9                      0.5693877551020408       15.635873097903495       1.585784361238061        6.635370957252529        -26.84733157540403       -21.655821491345407      -8.172881067260644       -21.23427315900389       -3.144519637739216       -16.124742043456         42.660930308769466
-0.9                      0.6061224489795918       15.194476968815353       0.4681436026340522       3.36176563358109         -26.6003418912702        -23.33442950879886       -3.7531953233493063      -18.886194505614434      2.6467190279662445       -3.4058446171792442      44.22385438613005
-0.9                      0.6428571428571428       14.720673873478855       -0.5959761968922009      0.21115633084519375      -25.972307121605343      -24.06727771726913       0.8377834236728757       -15.256516921433812      7.298231000462533        8.760888746231819        42.0419402735793
-0.9                      0.6795918367346938       14.214847822559493       -1.607804125025552       -2.776155495729454       -24.986904830846907      -23.861899850795563      5.417113714498014        -10.721596372874014      10.56858859728507        19.327790027689574       36.56550707568756
-0.9                      0.7163265306122449       13.677606986337741       -2.568081651860505       -5.562629117068628       -23.67181956893247       -22.758352818726593      9.809539492500482        -5.695546148783463       12.322779256297457       27.457628333838862       28.5243203067161
-0.9                      0.753061224489796        13.109779187781989       -3.477175870874711       -8.114086071361715       -22.05851299310442       -20.827076874462204      13.853244097130082       -0.602205714822401       12.536367540969623       32.59362912449432        18.844295630721607
-0.9                      0.789795918367347        12.512409282493852       -4.335164160293439       -10.400239217290896      -20.181887179679403      -18.165610266994594      17.40506090541517        4.152637272957614        11.292295718601201       34.498902663614956       8.548433056773435
-0.9                      0.826530612244898        11.886752212198628       -5.141911924578771       -12.395156061641584      -18.07989689757003       -14.894574704729399      20.344849441821825       8.206600712449076        8.77138696235171         33.26398653430307        -1.3467026424508592
-0.9                      0.863265306122449        11.234245101044026       -5.897152938674407       -14.077724427581918      -15.792913226782256      -11.152637113166872      22.579337982925388       11.263970238419528       5.236319134998559        29.280898549957506       -9.933351550513946
-0.9                      0.9                      10.556536446297113       -6.600490609949829       -15.43185035841585       -13.363302565002273      -7.0908277428745         24.044315011875586       13.111236240646178       1.0107128419151121       23.187621955004918       -16.494103838775036
