1.501040130980160758e-01 0.000000000000000000e+00
1.527741961679070226e-01 9.709085874376936418e-03
1.605550074063582799e-01 2.048989738062732477e-02
1.727766111559840834e-01 3.329996235856685222e-02
1.883854647646615865e-01 4.887927451275465157e-02
2.060326528364172516e-01 6.766764865330542056e-02
2.241862457688865717e-01 8.975063405845963571e-02
2.412576528724462155e-01 1.148391450581526529e-01
2.557307645961655607e-01 1.422847762208837297e-01
2.662825426117493288e-01 1.711293990377345531e-01
2.718846268837767921e-01 2.001844095939880885e-01
2.718773921610015409e-01 2.281322194877370424e-01
2.660105193751211017e-01 2.536405179102225738e-01
2.544472951655324944e-01 2.754786744814335386e-01
2.377332131736327736e-01 2.926255053405398265e-01
2.167327043324833447e-01 3.043584966561057037e-01
1.925406639409691367e-01 3.103163798052192002e-01
1.663776074571471364e-01 3.105295020789757277e-01
1.394785791143727804e-01 3.054154863402681053e-01
1.129862482191825307e-01 2.957409270174395921e-01
8.785794377037990655e-02 2.825530155761393214e-01
6.479478148141364080e-02 2.670877270232493439e-01
4.419869815200270363e-02 2.506632732802236974e-01
2.616036598084127418e-02 2.345687495769818165e-01
1.047789862042273340e-02 2.199581612892661242e-01
-3.296716663407764369e-03 2.077593099500879004e-01
-1.578913146563064654e-02 1.986054218059647991e-01
-2.771974892830770740e-02 1.927950885915839796e-01
-3.981527385497506816e-02 1.902832940651923432e-01
-5.272381519913134362e-02 1.907033008059755286e-01
-6.694202015167521891e-02 1.934162649502678410e-01
-8.276125128230268913e-02 1.975829133828201079e-01
-1.002376814546944855e-01 2.022496985436201267e-01
-1.191886029849335560e-01 2.064407160530603580e-01
-1.392144959930886883e-01 2.092464242639074656e-01
-1.597437577312249835e-01 2.099008476339225826e-01
-1.800947263620416572e-01 2.078403937453540684e-01
-1.995479638991026761e-01 2.027395039705975066e-01
-2.174208544366703355e-01 1.945208655359977057e-01
-2.331365064051568459e-01 1.833405751014604013e-01
-2.462797153923015347e-01 1.695511867535321182e-01
-2.566342555654791968e-01 1.536477430142983158e-01
-2.641978560647481045e-01 1.362034612993807403e-01
-2.691736594564958507e-01 1.178025795174505730e-01
-2.719394938770787196e-01 9.897788129267290347e-02
-2.729986529847807653e-01 8.015963705281935192e-02
-2.729178224961670840e-01 6.164120851082517671e-02
-2.722591184023611111e-01 4.356453980834083112e-02
-2.715137751277978961e-01 2.592642201250551504e-02
-2.710447863783101985e-01 8.604022717981597151e-03
-2.710447863783101985e-01 -8.604022717981650928e-03
-2.715137751277978961e-01 -2.592642201250556708e-02
-2.722591184023611111e-01 -4.356453980834088663e-02
-2.729178224961670840e-01 -6.164120851082510733e-02
-2.729986529847807653e-01 -8.015963705281940743e-02
-2.719394938770787196e-01 -9.897788129267282020e-02
-2.691736594564959062e-01 -1.178025795174506424e-01
-2.641978560647481045e-01 -1.362034612993806570e-01
-2.566342555654791968e-01 -1.536477430142983713e-01
-2.462797153923015625e-01 -1.695511867535320627e-01
-2.331365064051568181e-01 -1.833405751014604290e-01
-2.174208544366703633e-01 -1.945208655359977057e-01
-1.995479638991025650e-01 -2.027395039705975344e-01
-1.800947263620416849e-01 -2.078403937453540407e-01
-1.597437577312249279e-01 -2.099008476339225826e-01
-1.392144959930887715e-01 -2.092464242639074656e-01
-1.191886029849333478e-01 -2.064407160530603025e-01
-1.002376814546944300e-01 -2.022496985436200712e-01
-8.276125128230268913e-02 -1.975829133828201079e-01
-6.694202015167527442e-02 -1.934162649502678688e-01
-5.272381519913124648e-02 -1.907033008059754731e-01
-3.981527385497503346e-02 -1.902832940651923432e-01
-2.771974892830770740e-02 -1.927950885915839796e-01
-1.578913146563069858e-02 -1.986054218059648269e-01
-3.296716663407678501e-03 -2.077593099500879559e-01
1.047789862042278371e-02 -2.199581612892662352e-01
2.616036598084121173e-02 -2.345687495769817610e-01
4.419869815200255792e-02 -2.506632732802235308e-01
6.479478148141371019e-02 -2.670877270232494549e-01
8.785794377037990655e-02 -2.825530155761393214e-01
1.129862482191824197e-01 -2.957409270174395921e-01
1.394785791143729192e-01 -3.054154863402681608e-01
1.663776074571472474e-01 -3.105295020789757277e-01
1.925406639409691367e-01 -3.103163798052192002e-01
2.167327043324832336e-01 -3.043584966561057037e-01
2.377332131736328569e-01 -2.926255053405397155e-01
2.544472951655325499e-01 -2.754786744814334831e-01
2.660105193751210462e-01 -2.536405179102225738e-01
2.718773921610014854e-01 -2.281322194877372367e-01
2.718846268837767366e-01 -2.001844095939879220e-01
2.662825426117493288e-01 -1.711293990377345253e-01
2.557307645961656717e-01 -1.422847762208838129e-01
2.412576528724463265e-01 -1.148391450581527778e-01
2.241862457688864885e-01 -8.975063405845952469e-02
2.060326528364171961e-01 -6.766764865330537893e-02
1.883854647646617531e-01 -4.887927451275472790e-02
1.727766111559839168e-01 -3.329996235856673426e-02
1.605550074063582522e-01 -2.048989738062728314e-02
1.527741961679070226e-01 -9.709085874376939887e-03
1.501040130980160758e-01 -3.676487983593155153e-17
